   -6.995680   -6.995680    0.000000000
   -6.995680   -6.275079    0.000000000
   -6.995680   -5.673962    0.000000000
   -6.995680   -5.133596    0.000000000
   -6.995680   -4.631560    0.000000000
   -6.995680   -4.156272    0.000000000
   -6.995680   -3.700743    0.000000000
   -6.995680   -3.260321    0.000000000
   -6.995680   -2.831681    0.000000000
   -6.995680   -2.412318    0.000000000
   -6.995680   -2.000259    0.000000000
   -6.995680   -1.593886    0.000000000
   -6.995680   -1.191827    0.000000000
   -6.995680   -0.792877    0.000000000
   -6.995680   -0.395943    0.000000000
   -6.995680    0.000000    0.000000000
   -6.995680    0.395943    0.000000000
   -6.995680    0.792877    0.000000000
   -6.995680    1.191827    0.000000000
   -6.995680    1.593886    0.000000000
   -6.995680    2.000259    0.000000000
   -6.995680    2.412318    0.000000000
   -6.995680    2.831681    0.000000000
   -6.995680    3.260321    0.000000000
   -6.995680    3.700743    0.000000000
   -6.995680    4.156272    0.000000000
   -6.995680    4.631560    0.000000000
   -6.995680    5.133596    0.000000000
   -6.995680    5.673962    0.000000000
   -6.995680    6.275079    0.000000000
   -6.995680    6.995680    0.000000000
 
   -6.275079   -6.995680    0.000000000
   -6.275079   -6.275079    0.000000000
   -6.275079   -5.673962    0.000000000
   -6.275079   -5.133596    0.000000000
   -6.275079   -4.631560    0.000000000
   -6.275079   -4.156272    0.000000000
   -6.275079   -3.700743    0.000000000
   -6.275079   -3.260321    0.000000000
   -6.275079   -2.831681    0.000000000
   -6.275079   -2.412318    0.000000000
   -6.275079   -2.000259    0.000000000
   -6.275079   -1.593886    0.000000000
   -6.275079   -1.191827    0.000000001
   -6.275079   -0.792877    0.000000003
   -6.275079   -0.395943    0.000000005
   -6.275079    0.000000    0.000000006
   -6.275079    0.395943    0.000000005
   -6.275079    0.792877    0.000000003
   -6.275079    1.191827    0.000000001
   -6.275079    1.593886    0.000000000
   -6.275079    2.000259    0.000000000
   -6.275079    2.412318    0.000000000
   -6.275079    2.831681    0.000000000
   -6.275079    3.260321    0.000000000
   -6.275079    3.700743    0.000000000
   -6.275079    4.156272    0.000000000
   -6.275079    4.631560    0.000000000
   -6.275079    5.133596    0.000000000
   -6.275079    5.673962    0.000000000
   -6.275079    6.275079    0.000000000
   -6.275079    6.995680    0.000000000
 
   -5.673962   -6.995680    0.000000000
   -5.673962   -6.275079    0.000000000
   -5.673962   -5.673962    0.000000000
   -5.673962   -5.133596    0.000000000
   -5.673962   -4.631560    0.000000000
   -5.673962   -4.156272    0.000000000
   -5.673962   -3.700743    0.000000000
   -5.673962   -3.260321    0.000000000
   -5.673962   -2.831681    0.000000000
   -5.673962   -2.412318    0.000000001
   -5.673962   -2.000259    0.000000006
   -5.673962   -1.593886    0.000000027
   -5.673962   -1.191827    0.000000084
   -5.673962   -0.792877    0.000000189
   -5.673962   -0.395943    0.000000305
   -5.673962    0.000000    0.000000358
   -5.673962    0.395943    0.000000305
   -5.673962    0.792877    0.000000189
   -5.673962    1.191827    0.000000084
   -5.673962    1.593886    0.000000027
   -5.673962    2.000259    0.000000006
   -5.673962    2.412318    0.000000001
   -5.673962    2.831681    0.000000000
   -5.673962    3.260321    0.000000000
   -5.673962    3.700743    0.000000000
   -5.673962    4.156272    0.000000000
   -5.673962    4.631560    0.000000000
   -5.673962    5.133596    0.000000000
   -5.673962    5.673962    0.000000000
   -5.673962    6.275079    0.000000000
   -5.673962    6.995680    0.000000000
 
   -5.133596   -6.995680    0.000000000
   -5.133596   -6.275079    0.000000000
   -5.133596   -5.673962    0.000000000
   -5.133596   -5.133596    0.000000000
   -5.133596   -4.631560    0.000000000
   -5.133596   -4.156272    0.000000000
   -5.133596   -3.700743    0.000000000
   -5.133596   -3.260321    0.000000000
   -5.133596   -2.831681    0.000000003
   -5.133596   -2.412318    0.000000026
   -5.133596   -2.000259    0.000000157
   -5.133596   -1.593886    0.000000658
   -5.133596   -1.191827    0.000001969
   -5.133596   -0.792877    0.000004261
   -5.133596   -0.395943    0.000006744
   -5.133596    0.000000    0.000007853
   -5.133596    0.395943    0.000006744
   -5.133596    0.792877    0.000004261
   -5.133596    1.191827    0.000001969
   -5.133596    1.593886    0.000000658
   -5.133596    2.000259    0.000000157
   -5.133596    2.412318    0.000000026
   -5.133596    2.831681    0.000000003
   -5.133596    3.260321    0.000000000
   -5.133596    3.700743    0.000000000
   -5.133596    4.156272    0.000000000
   -5.133596    4.631560    0.000000000
   -5.133596    5.133596    0.000000000
   -5.133596    5.673962    0.000000000
   -5.133596    6.275079    0.000000000
   -5.133596    6.995680    0.000000000
 
   -4.631560   -6.995680    0.000000000
   -4.631560   -6.275079    0.000000000
   -4.631560   -5.673962    0.000000000
   -4.631560   -5.133596    0.000000000
   -4.631560   -4.631560    0.000000000
   -4.631560   -4.156272    0.000000000
   -4.631560   -3.700743    0.000000000
   -4.631560   -3.260321    0.000000004
   -4.631560   -2.831681    0.000000045
   -4.631560   -2.412318    0.000000367
   -4.631560   -2.000259    0.000002057
   -4.631560   -1.593886    0.000008135
   -4.631560   -1.191827    0.000023204
   -4.631560   -0.792877    0.000048511
   -4.631560   -0.395943    0.000075182
   -4.631560    0.000000    0.000086941
   -4.631560    0.395943    0.000075182
   -4.631560    0.792877    0.000048511
   -4.631560    1.191827    0.000023204
   -4.631560    1.593886    0.000008135
   -4.631560    2.000259    0.000002057
   -4.631560    2.412318    0.000000367
   -4.631560    2.831681    0.000000045
   -4.631560    3.260321    0.000000004
   -4.631560    3.700743    0.000000000
   -4.631560    4.156272    0.000000000
   -4.631560    4.631560    0.000000000
   -4.631560    5.133596    0.000000000
   -4.631560    5.673962    0.000000000
   -4.631560    6.275079    0.000000000
   -4.631560    6.995680    0.000000000
 
   -4.156272   -6.995680    0.000000000
   -4.156272   -6.275079    0.000000000
   -4.156272   -5.673962    0.000000000
   -4.156272   -5.133596    0.000000000
   -4.156272   -4.631560    0.000000000
   -4.156272   -4.156272    0.000000000
   -4.156272   -3.700743    0.000000002
   -4.156272   -3.260321    0.000000034
   -4.156272   -2.831681    0.000000395
   -4.156272   -2.412318    0.000002992
   -4.156272   -2.000259    0.000015660
   -4.156272   -1.593886    0.000058386
   -4.156272   -1.191827    0.000158790
   -4.156272   -0.792877    0.000320594
   -4.156272   -0.395943    0.000486374
   -4.156272    0.000000    0.000558428
   -4.156272    0.395943    0.000486374
   -4.156272    0.792877    0.000320594
   -4.156272    1.191827    0.000158790
   -4.156272    1.593886    0.000058386
   -4.156272    2.000259    0.000015660
   -4.156272    2.412318    0.000002992
   -4.156272    2.831681    0.000000395
   -4.156272    3.260321    0.000000034
   -4.156272    3.700743    0.000000002
   -4.156272    4.156272    0.000000000
   -4.156272    4.631560    0.000000000
   -4.156272    5.133596    0.000000000
   -4.156272    5.673962    0.000000000
   -4.156272    6.275079    0.000000000
   -4.156272    6.995680    0.000000000
 
   -3.700743   -6.995680    0.000000000
   -3.700743   -6.275079    0.000000000
   -3.700743   -5.673962    0.000000000
   -3.700743   -5.133596    0.000000000
   -3.700743   -4.631560    0.000000000
   -3.700743   -4.156272    0.000000000
   -3.700743   -3.700743    0.000000012
   -3.700743   -3.260321    0.000000204
   -3.700743   -2.831681    0.000002175
   -3.700743   -2.412318    0.000015364
   -3.700743   -2.000259    0.000075289
   -3.700743   -1.593886    0.000264899
   -3.700743   -1.191827    0.000686871
   -3.700743   -0.792877    0.001338335
   -3.700743   -0.395943    0.001986302
   -3.700743    0.000000    0.002263695
   -3.700743    0.395943    0.001986302
   -3.700743    0.792877    0.001338335
   -3.700743    1.191827    0.000686871
   -3.700743    1.593886    0.000264899
   -3.700743    2.000259    0.000075289
   -3.700743    2.412318    0.000015364
   -3.700743    2.831681    0.000002175
   -3.700743    3.260321    0.000000204
   -3.700743    3.700743    0.000000012
   -3.700743    4.156272    0.000000000
   -3.700743    4.631560    0.000000000
   -3.700743    5.133596    0.000000000
   -3.700743    5.673962    0.000000000
   -3.700743    6.275079    0.000000000
   -3.700743    6.995680    0.000000000
 
   -3.260321   -6.995680    0.000000000
   -3.260321   -6.275079    0.000000000
   -3.260321   -5.673962    0.000000000
   -3.260321   -5.133596    0.000000000
   -3.260321   -4.631560    0.000000000
   -3.260321   -4.156272    0.000000002
   -3.260321   -3.700743    0.000000046
   -3.260321   -3.260321    0.000000770
   -3.260321   -2.831681    0.000007806
   -3.260321   -2.412318    0.000052062
   -3.260321   -2.000259    0.000240594
   -3.260321   -1.593886    0.000801371
   -3.260321   -1.191827    0.001982509
   -3.260321   -0.792877    0.003726071
   -3.260321   -0.395943    0.005406164
   -3.260321    0.000000    0.006113690
   -3.260321    0.395943    0.005406164
   -3.260321    0.792877    0.003726071
   -3.260321    1.191827    0.001982509
   -3.260321    1.593886    0.000801371
   -3.260321    2.000259    0.000240594
   -3.260321    2.412318    0.000052062
   -3.260321    2.831681    0.000007806
   -3.260321    3.260321    0.000000770
   -3.260321    3.700743    0.000000046
   -3.260321    4.156272    0.000000002
   -3.260321    4.631560    0.000000000
   -3.260321    5.133596    0.000000000
   -3.260321    5.673962    0.000000000
   -3.260321    6.275079    0.000000000
   -3.260321    6.995680    0.000000000
 
   -2.831681   -6.995680    0.000000000
   -2.831681   -6.275079    0.000000000
   -2.831681   -5.673962    0.000000000
   -2.831681   -5.133596    0.000000000
   -2.831681   -4.631560    0.000000000
   -2.831681   -4.156272    0.000000002
   -2.831681   -3.700743    0.000000099
   -2.831681   -3.260321    0.000001785
   -2.831681   -2.831681    0.000018239
   -2.831681   -2.412318    0.000118413
   -2.831681   -2.000259    0.000524683
   -2.831681   -1.593886    0.001668158
   -2.831681   -1.191827    0.003950321
   -2.831681   -0.792877    0.007166098
   -2.831681   -0.395943    0.010160635
   -2.831681    0.000000    0.011399041
   -2.831681    0.395943    0.010160635
   -2.831681    0.792877    0.007166098
   -2.831681    1.191827    0.003950321
   -2.831681    1.593886    0.001668158
   -2.831681    2.000259    0.000524683
   -2.831681    2.412318    0.000118413
   -2.831681    2.831681    0.000018239
   -2.831681    3.260321    0.000001785
   -2.831681    3.700743    0.000000099
   -2.831681    4.156272    0.000000002
   -2.831681    4.631560    0.000000000
   -2.831681    5.133596    0.000000000
   -2.831681    5.673962    0.000000000
   -2.831681    6.275079    0.000000000
   -2.831681    6.995680    0.000000000
 
   -2.412318   -6.995680    0.000000000
   -2.412318   -6.275079    0.000000000
   -2.412318   -5.673962    0.000000000
   -2.412318   -5.133596    0.000000000
   -2.412318   -4.631560    0.000000000
   -2.412318   -4.156272    0.000000000
   -2.412318   -3.700743    0.000000068
   -2.412318   -3.260321    0.000002111
   -2.412318   -2.831681    0.000025715
   -2.412318   -2.412318    0.000175923
   -2.412318   -2.000259    0.000778700
   -2.412318   -1.593886    0.002414158
   -2.412318   -1.191827    0.005528323
   -2.412318   -0.792877    0.009717874
   -2.412318   -0.395943    0.013478421
   -2.412318    0.000000    0.015002322
   -2.412318    0.395943    0.013478421
   -2.412318    0.792877    0.009717874
   -2.412318    1.191827    0.005528323
   -2.412318    1.593886    0.002414158
   -2.412318    2.000259    0.000778700
   -2.412318    2.412318    0.000175923
   -2.412318    2.831681    0.000025715
   -2.412318    3.260321    0.000002111
   -2.412318    3.700743    0.000000068
   -2.412318    4.156272    0.000000000
   -2.412318    4.631560    0.000000000
   -2.412318    5.133596    0.000000000
   -2.412318    5.673962    0.000000000
   -2.412318    6.275079    0.000000000
   -2.412318    6.995680    0.000000000
 
   -2.000259   -6.995680    0.000000000
   -2.000259   -6.275079    0.000000000
   -2.000259   -5.673962    0.000000000
   -2.000259   -5.133596    0.000000000
   -2.000259   -4.631560    0.000000006
   -2.000259   -4.156272    0.000000042
   -2.000259   -3.700743    0.000000057
   -2.000259   -3.260321    0.000000320
   -2.000259   -2.831681    0.000015246
   -2.000259   -2.412318    0.000148096
   -2.000259   -2.000259    0.000740333
   -2.000259   -1.593886    0.002374084
   -2.000259   -1.191827    0.005412133
   -2.000259   -0.792877    0.009341815
   -2.000259   -0.395943    0.012738759
   -2.000259    0.000000    0.014084351
   -2.000259    0.395943    0.012738759
   -2.000259    0.792877    0.009341815
   -2.000259    1.191827    0.005412133
   -2.000259    1.593886    0.002374084
   -2.000259    2.000259    0.000740333
   -2.000259    2.412318    0.000148096
   -2.000259    2.831681    0.000015246
   -2.000259    3.260321    0.000000320
   -2.000259    3.700743    0.000000057
   -2.000259    4.156272    0.000000042
   -2.000259    4.631560    0.000000006
   -2.000259    5.133596    0.000000000
   -2.000259    5.673962    0.000000000
   -2.000259    6.275079    0.000000000
   -2.000259    6.995680    0.000000000
 
   -1.593886   -6.995680    0.000000000
   -1.593886   -6.275079    0.000000000
   -1.593886   -5.673962    0.000000000
   -1.593886   -5.133596    0.000000003
   -1.593886   -4.631560    0.000000054
   -1.593886   -4.156272    0.000000543
   -1.593886   -3.700743    0.000002566
   -1.593886   -3.260321    0.000004772
   -1.593886   -2.831681    0.000000481
   -1.593886   -2.412318    0.000032088
   -1.593886   -2.000259    0.000347271
   -1.593886   -1.593886    0.001422414
   -1.593886   -1.191827    0.003535070
   -1.593886   -0.792877    0.006245525
   -1.593886   -0.395943    0.008520264
   -1.593886    0.000000    0.009400723
   -1.593886    0.395943    0.008520264
   -1.593886    0.792877    0.006245525
   -1.593886    1.191827    0.003535070
   -1.593886    1.593886    0.001422414
   -1.593886    2.000259    0.000347271
   -1.593886    2.412318    0.000032088
   -1.593886    2.831681    0.000000481
   -1.593886    3.260321    0.000004772
   -1.593886    3.700743    0.000002566
   -1.593886    4.156272    0.000000543
   -1.593886    4.631560    0.000000054
   -1.593886    5.133596    0.000000003
   -1.593886    5.673962    0.000000000
   -1.593886    6.275079    0.000000000
   -1.593886    6.995680    0.000000000
 
   -1.191827   -6.995680    0.000000000
   -1.191827   -6.275079    0.000000000
   -1.191827   -5.673962    0.000000000
   -1.191827   -5.133596    0.000000014
   -1.191827   -4.631560    0.000000305
   -1.191827   -4.156272    0.000003227
   -1.191827   -3.700743    0.000018325
   -1.191827   -3.260321    0.000057439
   -1.191827   -2.831681    0.000093179
   -1.191827   -2.412318    0.000053604
   -1.191827   -2.000259    0.000005851
   -1.191827   -1.593886    0.000307930
   -1.191827   -1.191827    0.001272376
   -1.191827   -0.792877    0.002677056
   -1.191827   -0.395943    0.003880454
   -1.191827    0.000000    0.004342443
   -1.191827    0.395943    0.003880454
   -1.191827    0.792877    0.002677056
   -1.191827    1.191827    0.001272376
   -1.191827    1.593886    0.000307930
   -1.191827    2.000259    0.000005851
   -1.191827    2.412318    0.000053604
   -1.191827    2.831681    0.000093179
   -1.191827    3.260321    0.000057439
   -1.191827    3.700743    0.000018325
   -1.191827    4.156272    0.000003227
   -1.191827    4.631560    0.000000305
   -1.191827    5.133596    0.000000014
   -1.191827    5.673962    0.000000000
   -1.191827    6.275079    0.000000000
   -1.191827    6.995680    0.000000000
 
   -0.792877   -6.995680    0.000000000
   -0.792877   -6.275079    0.000000000
   -0.792877   -5.673962    0.000000001
   -0.792877   -5.133596    0.000000058
   -0.792877   -4.631560    0.000001203
   -0.792877   -4.156272    0.000012550
   -0.792877   -3.700743    0.000073489
   -0.792877   -3.260321    0.000256044
   -0.792877   -2.831681    0.000543555
   -0.792877   -2.412318    0.000688162
   -0.792877   -2.000259    0.000457622
   -0.792877   -1.593886    0.000087039
   -0.792877   -1.191827    0.000076775
   -0.792877   -0.792877    0.000525447
   -0.792877   -0.395943    0.001053797
   -0.792877    0.000000    0.001274291
   -0.792877    0.395943    0.001053797
   -0.792877    0.792877    0.000525447
   -0.792877    1.191827    0.000076775
   -0.792877    1.593886    0.000087039
   -0.792877    2.000259    0.000457622
   -0.792877    2.412318    0.000688162
   -0.792877    2.831681    0.000543555
   -0.792877    3.260321    0.000256044
   -0.792877    3.700743    0.000073489
   -0.792877    4.156272    0.000012550
   -0.792877    4.631560    0.000001203
   -0.792877    5.133596    0.000000058
   -0.792877    5.673962    0.000000001
   -0.792877    6.275079    0.000000000
   -0.792877    6.995680    0.000000000
 
   -0.395943   -6.995680    0.000000000
   -0.395943   -6.275079    0.000000000
   -0.395943   -5.673962    0.000000004
   -0.395943   -5.133596    0.000000182
   -0.395943   -4.631560    0.000003546
   -0.395943   -4.156272    0.000035733
   -0.395943   -3.700743    0.000206519
   -0.395943   -3.260321    0.000731736
   -0.395943   -2.831681    0.001656694
   -0.395943   -2.412318    0.002446367
   -0.395943   -2.000259    0.002346606
   -0.395943   -1.593886    0.001393721
   -0.395943   -1.191827    0.000435680
   -0.395943   -0.792877    0.000056108
   -0.395943   -0.395943    0.000101291
   -0.395943    0.000000    0.000173004
   -0.395943    0.395943    0.000101291
   -0.395943    0.792877    0.000056108
   -0.395943    1.191827    0.000435680
   -0.395943    1.593886    0.001393721
   -0.395943    2.000259    0.002346606
   -0.395943    2.412318    0.002446367
   -0.395943    2.831681    0.001656694
   -0.395943    3.260321    0.000731736
   -0.395943    3.700743    0.000206519
   -0.395943    4.156272    0.000035733
   -0.395943    4.631560    0.000003546
   -0.395943    5.133596    0.000000182
   -0.395943    5.673962    0.000000004
   -0.395943    6.275079    0.000000000
   -0.395943    6.995680    0.000000000
 
    0.000000   -6.995680    0.000000000
    0.000000   -6.275079    0.000000000
    0.000000   -5.673962    0.000000010
    0.000000   -5.133596    0.000000435
    0.000000   -4.631560    0.000008053
    0.000000   -4.156272    0.000077972
    0.000000   -3.700743    0.000439346
    0.000000   -3.260321    0.001543807
    0.000000   -2.831681    0.003544207
    0.000000   -2.412318    0.005481765
    0.000000   -2.000259    0.005812586
    0.000000   -1.593886    0.004238155
    0.000000   -1.191827    0.002085649
    0.000000   -0.792877    0.000649798
    0.000000   -0.395943    0.000102067
    0.000000    0.000000    0.000000000
    0.000000    0.395943    0.000102067
    0.000000    0.792877    0.000649798
    0.000000    1.191827    0.002085649
    0.000000    1.593886    0.004238155
    0.000000    2.000259    0.005812586
    0.000000    2.412318    0.005481765
    0.000000    2.831681    0.003544207
    0.000000    3.260321    0.001543807
    0.000000    3.700743    0.000439346
    0.000000    4.156272    0.000077972
    0.000000    4.631560    0.000008053
    0.000000    5.133596    0.000000435
    0.000000    5.673962    0.000000010
    0.000000    6.275079    0.000000000
    0.000000    6.995680    0.000000000
 
    0.395943   -6.995680    0.000000000
    0.395943   -6.275079    0.000000000
    0.395943   -5.673962    0.000000021
    0.395943   -5.133596    0.000000810
    0.395943   -4.631560    0.000014249
    0.395943   -4.156272    0.000132809
    0.395943   -3.700743    0.000729267
    0.395943   -3.260321    0.002530053
    0.395943   -2.831681    0.005821283
    0.395943   -2.412318    0.009192771
    0.395943   -2.000259    0.010202450
    0.395943   -1.593886    0.008069947
    0.395943   -1.191827    0.004552110
    0.395943   -0.792877    0.001771121
    0.395943   -0.395943    0.000393828
    0.395943    0.000000    0.000031421
    0.395943    0.395943    0.000393828
    0.395943    0.792877    0.001771121
    0.395943    1.191827    0.004552110
    0.395943    1.593886    0.008069947
    0.395943    2.000259    0.010202450
    0.395943    2.412318    0.009192771
    0.395943    2.831681    0.005821283
    0.395943    3.260321    0.002530053
    0.395943    3.700743    0.000729267
    0.395943    4.156272    0.000132809
    0.395943    4.631560    0.000014249
    0.395943    5.133596    0.000000810
    0.395943    5.673962    0.000000021
    0.395943    6.275079    0.000000000
    0.395943    6.995680    0.000000000
 
    0.792877   -6.995680    0.000000000
    0.792877   -6.275079    0.000000000
    0.792877   -5.673962    0.000000031
    0.792877   -5.133596    0.000001169
    0.792877   -4.631560    0.000019648
    0.792877   -4.156272    0.000177181
    0.792877   -3.700743    0.000952243
    0.792877   -3.260321    0.003272066
    0.792877   -2.831681    0.007553687
    0.792877   -2.412318    0.012146432
    0.792877   -2.000259    0.013968734
    0.792877   -1.593886    0.011690663
    0.792877   -1.191827    0.007143145
    0.792877   -0.792877    0.003067303
    0.792877   -0.395943    0.000739375
    0.792877    0.000000    0.000044121
    0.792877    0.395943    0.000739375
    0.792877    0.792877    0.003067303
    0.792877    1.191827    0.007143145
    0.792877    1.593886    0.011690663
    0.792877    2.000259    0.013968734
    0.792877    2.412318    0.012146432
    0.792877    2.831681    0.007553687
    0.792877    3.260321    0.003272066
    0.792877    3.700743    0.000952243
    0.792877    4.156272    0.000177181
    0.792877    4.631560    0.000019648
    0.792877    5.133596    0.000001169
    0.792877    5.673962    0.000000031
    0.792877    6.275079    0.000000000
    0.792877    6.995680    0.000000000
 
    1.191827   -6.995680    0.000000000
    1.191827   -6.275079    0.000000000
    1.191827   -5.673962    0.000000037
    1.191827   -5.133596    0.000001297
    1.191827   -4.631560    0.000020965
    1.191827   -4.156272    0.000184010
    1.191827   -3.700743    0.000973567
    1.191827   -3.260321    0.003331639
    1.191827   -2.831681    0.007754430
    1.191827   -2.412318    0.012741854
    1.191827   -2.000259    0.015197319
    1.191827   -1.593886    0.013399947
    1.191827   -1.191827    0.008749214
    1.191827   -0.792877    0.004034729
    1.191827   -0.395943    0.001013537
    1.191827    0.000000    0.000031199
    1.191827    0.395943    0.001013537
    1.191827    0.792877    0.004034729
    1.191827    1.191827    0.008749214
    1.191827    1.593886    0.013399947
    1.191827    2.000259    0.015197319
    1.191827    2.412318    0.012741854
    1.191827    2.831681    0.007754430
    1.191827    3.260321    0.003331639
    1.191827    3.700743    0.000973567
    1.191827    4.156272    0.000184010
    1.191827    4.631560    0.000020965
    1.191827    5.133596    0.000001297
    1.191827    5.673962    0.000000037
    1.191827    6.275079    0.000000000
    1.191827    6.995680    0.000000000
 
    1.593886   -6.995680    0.000000000
    1.593886   -6.275079    0.000000000
    1.593886   -5.673962    0.000000032
    1.593886   -5.133596    0.000001092
    1.593886   -4.631560    0.000017085
    1.593886   -4.156272    0.000146806
    1.593886   -3.700743    0.000769022
    1.593886   -3.260321    0.002635217
    1.593886   -2.831681    0.006214382
    1.593886   -2.412318    0.010474593
    1.593886   -2.000259    0.012979874
    1.593886   -1.593886    0.012036111
    1.593886   -1.191827    0.008338519
    1.593886   -0.792877    0.004079648
    1.593886   -0.395943    0.001062297
    1.593886    0.000000    0.000015495
    1.593886    0.395943    0.001062297
    1.593886    0.792877    0.004079648
    1.593886    1.191827    0.008338519
    1.593886    1.593886    0.012036111
    1.593886    2.000259    0.012979874
    1.593886    2.412318    0.010474593
    1.593886    2.831681    0.006214382
    1.593886    3.260321    0.002635217
    1.593886    3.700743    0.000769022
    1.593886    4.156272    0.000146806
    1.593886    4.631560    0.000017085
    1.593886    5.133596    0.000001092
    1.593886    5.673962    0.000000032
    1.593886    6.275079    0.000000000
    1.593886    6.995680    0.000000000
 
    2.000259   -6.995680    0.000000000
    2.000259   -6.275079    0.000000000
    2.000259   -5.673962    0.000000021
    2.000259   -5.133596    0.000000686
    2.000259   -4.631560    0.000010437
    2.000259   -4.156272    0.000088255
    2.000259   -3.700743    0.000459964
    2.000259   -3.260321    0.001585286
    2.000259   -2.831681    0.003801502
    2.000259   -2.412318    0.006587830
    2.000259   -2.000259    0.008482417
    2.000259   -1.593886    0.008246333
    2.000259   -1.191827    0.006019038
    2.000259   -0.792877    0.003093616
    2.000259   -0.395943    0.000831549
    2.000259    0.000000    0.000005849
    2.000259    0.395943    0.000831549
    2.000259    0.792877    0.003093616
    2.000259    1.191827    0.006019038
    2.000259    1.593886    0.008246333
    2.000259    2.000259    0.008482417
    2.000259    2.412318    0.006587830
    2.000259    2.831681    0.003801502
    2.000259    3.260321    0.001585286
    2.000259    3.700743    0.000459964
    2.000259    4.156272    0.000088255
    2.000259    4.631560    0.000010437
    2.000259    5.133596    0.000000686
    2.000259    5.673962    0.000000021
    2.000259    6.275079    0.000000000
    2.000259    6.995680    0.000000000
 
    2.412318   -6.995680    0.000000000
    2.412318   -6.275079    0.000000000
    2.412318   -5.673962    0.000000010
    2.412318   -5.133596    0.000000314
    2.412318   -4.631560    0.000004665
    2.412318   -4.156272    0.000038983
    2.412318   -3.700743    0.000202913
    2.412318   -3.260321    0.000705595
    2.412318   -2.831681    0.001724155
    2.412318   -2.412318    0.003073627
    2.412318   -2.000259    0.004105551
    2.412318   -1.593886    0.004166217
    2.412318   -1.191827    0.003180907
    2.412318   -0.792877    0.001702752
    2.412318   -0.395943    0.000470130
    2.412318    0.000000    0.000001684
    2.412318    0.395943    0.000470130
    2.412318    0.792877    0.001702752
    2.412318    1.191827    0.003180907
    2.412318    1.593886    0.004166217
    2.412318    2.000259    0.004105551
    2.412318    2.412318    0.003073627
    2.412318    2.831681    0.001724155
    2.412318    3.260321    0.000705595
    2.412318    3.700743    0.000202913
    2.412318    4.156272    0.000038983
    2.412318    4.631560    0.000004665
    2.412318    5.133596    0.000000314
    2.412318    5.673962    0.000000010
    2.412318    6.275079    0.000000000
    2.412318    6.995680    0.000000000
 
    2.831681   -6.995680    0.000000000
    2.831681   -6.275079    0.000000000
    2.831681   -5.673962    0.000000003
    2.831681   -5.133596    0.000000101
    2.831681   -4.631560    0.000001479
    2.831681   -4.156272    0.000012256
    2.831681   -3.700743    0.000063890
    2.831681   -3.260321    0.000224580
    2.831681   -2.831681    0.000559621
    2.831681   -2.412318    0.001025455
    2.831681   -2.000259    0.001417101
    2.831681   -1.593886    0.001493795
    2.831681   -1.191827    0.001185056
    2.831681   -0.792877    0.000655939
    2.831681   -0.395943    0.000185156
    2.831681    0.000000    0.000000359
    2.831681    0.395943    0.000185156
    2.831681    0.792877    0.000655939
    2.831681    1.191827    0.001185056
    2.831681    1.593886    0.001493795
    2.831681    2.000259    0.001417101
    2.831681    2.412318    0.001025455
    2.831681    2.831681    0.000559621
    2.831681    3.260321    0.000224580
    2.831681    3.700743    0.000063890
    2.831681    4.156272    0.000012256
    2.831681    4.631560    0.000001479
    2.831681    5.133596    0.000000101
    2.831681    5.673962    0.000000003
    2.831681    6.275079    0.000000000
    2.831681    6.995680    0.000000000
 
    3.260321   -6.995680    0.000000000
    3.260321   -6.275079    0.000000000
    3.260321   -5.673962    0.000000001
    3.260321   -5.133596    0.000000022
    3.260321   -4.631560    0.000000320
    3.260321   -4.156272    0.000002635
    3.260321   -3.700743    0.000013783
    3.260321   -3.260321    0.000049019
    3.260321   -2.831681    0.000124536
    3.260321   -2.412318    0.000234184
    3.260321   -2.000259    0.000333740
    3.260321   -1.593886    0.000363702
    3.260321   -1.191827    0.000298048
    3.260321   -0.792877    0.000169584
    3.260321   -0.395943    0.000048747
    3.260321    0.000000    0.000000054
    3.260321    0.395943    0.000048747
    3.260321    0.792877    0.000169584
    3.260321    1.191827    0.000298048
    3.260321    1.593886    0.000363702
    3.260321    2.000259    0.000333740
    3.260321    2.412318    0.000234184
    3.260321    2.831681    0.000124536
    3.260321    3.260321    0.000049019
    3.260321    3.700743    0.000013783
    3.260321    4.156272    0.000002635
    3.260321    4.631560    0.000000320
    3.260321    5.133596    0.000000022
    3.260321    5.673962    0.000000001
    3.260321    6.275079    0.000000000
    3.260321    6.995680    0.000000000
 
    3.700743   -6.995680    0.000000000
    3.700743   -6.275079    0.000000000
    3.700743   -5.673962    0.000000000
    3.700743   -5.133596    0.000000003
    3.700743   -4.631560    0.000000045
    3.700743   -4.156272    0.000000368
    3.700743   -3.700743    0.000001934
    3.700743   -3.260321    0.000006962
    3.700743   -2.831681    0.000018016
    3.700743   -2.412318    0.000034696
    3.700743   -2.000259    0.000050822
    3.700743   -1.593886    0.000057008
    3.700743   -1.191827    0.000048019
    3.700743   -0.792877    0.000027954
    3.700743   -0.395943    0.000008157
    3.700743    0.000000    0.000000005
    3.700743    0.395943    0.000008157
    3.700743    0.792877    0.000027954
    3.700743    1.191827    0.000048019
    3.700743    1.593886    0.000057008
    3.700743    2.000259    0.000050822
    3.700743    2.412318    0.000034696
    3.700743    2.831681    0.000018016
    3.700743    3.260321    0.000006962
    3.700743    3.700743    0.000001934
    3.700743    4.156272    0.000000368
    3.700743    4.631560    0.000000045
    3.700743    5.133596    0.000000003
    3.700743    5.673962    0.000000000
    3.700743    6.275079    0.000000000
    3.700743    6.995680    0.000000000
 
    4.156272   -6.995680    0.000000000
    4.156272   -6.275079    0.000000000
    4.156272   -5.673962    0.000000000
    4.156272   -5.133596    0.000000000
    4.156272   -4.631560    0.000000004
    4.156272   -4.156272    0.000000031
    4.156272   -3.700743    0.000000165
    4.156272   -3.260321    0.000000601
    4.156272   -2.831681    0.000001582
    4.156272   -2.412318    0.000003113
    4.156272   -2.000259    0.000004672
    4.156272   -1.593886    0.000005373
    4.156272   -1.191827    0.000004633
    4.156272   -0.792877    0.000002749
    4.156272   -0.395943    0.000000812
    4.156272    0.000000    0.000000000
    4.156272    0.395943    0.000000812
    4.156272    0.792877    0.000002749
    4.156272    1.191827    0.000004633
    4.156272    1.593886    0.000005373
    4.156272    2.000259    0.000004672
    4.156272    2.412318    0.000003113
    4.156272    2.831681    0.000001582
    4.156272    3.260321    0.000000601
    4.156272    3.700743    0.000000165
    4.156272    4.156272    0.000000031
    4.156272    4.631560    0.000000004
    4.156272    5.133596    0.000000000
    4.156272    5.673962    0.000000000
    4.156272    6.275079    0.000000000
    4.156272    6.995680    0.000000000
 
    4.631560   -6.995680    0.000000000
    4.631560   -6.275079    0.000000000
    4.631560   -5.673962    0.000000000
    4.631560   -5.133596    0.000000000
    4.631560   -4.631560    0.000000000
    4.631560   -4.156272    0.000000001
    4.631560   -3.700743    0.000000008
    4.631560   -3.260321    0.000000029
    4.631560   -2.831681    0.000000077
    4.631560   -2.412318    0.000000154
    4.631560   -2.000259    0.000000236
    4.631560   -1.593886    0.000000278
    4.631560   -1.191827    0.000000244
    4.631560   -0.792877    0.000000147
    4.631560   -0.395943    0.000000044
    4.631560    0.000000    0.000000000
    4.631560    0.395943    0.000000044
    4.631560    0.792877    0.000000147
    4.631560    1.191827    0.000000244
    4.631560    1.593886    0.000000278
    4.631560    2.000259    0.000000236
    4.631560    2.412318    0.000000154
    4.631560    2.831681    0.000000077
    4.631560    3.260321    0.000000029
    4.631560    3.700743    0.000000008
    4.631560    4.156272    0.000000001
    4.631560    4.631560    0.000000000
    4.631560    5.133596    0.000000000
    4.631560    5.673962    0.000000000
    4.631560    6.275079    0.000000000
    4.631560    6.995680    0.000000000
 
    5.133596   -6.995680    0.000000000
    5.133596   -6.275079    0.000000000
    5.133596   -5.673962    0.000000000
    5.133596   -5.133596    0.000000000
    5.133596   -4.631560    0.000000000
    5.133596   -4.156272    0.000000000
    5.133596   -3.700743    0.000000000
    5.133596   -3.260321    0.000000001
    5.133596   -2.831681    0.000000002
    5.133596   -2.412318    0.000000004
    5.133596   -2.000259    0.000000006
    5.133596   -1.593886    0.000000007
    5.133596   -1.191827    0.000000006
    5.133596   -0.792877    0.000000004
    5.133596   -0.395943    0.000000001
    5.133596    0.000000    0.000000000
    5.133596    0.395943    0.000000001
    5.133596    0.792877    0.000000004
    5.133596    1.191827    0.000000006
    5.133596    1.593886    0.000000007
    5.133596    2.000259    0.000000006
    5.133596    2.412318    0.000000004
    5.133596    2.831681    0.000000002
    5.133596    3.260321    0.000000001
    5.133596    3.700743    0.000000000
    5.133596    4.156272    0.000000000
    5.133596    4.631560    0.000000000
    5.133596    5.133596    0.000000000
    5.133596    5.673962    0.000000000
    5.133596    6.275079    0.000000000
    5.133596    6.995680    0.000000000
 
    5.673962   -6.995680    0.000000000
    5.673962   -6.275079    0.000000000
    5.673962   -5.673962    0.000000000
    5.673962   -5.133596    0.000000000
    5.673962   -4.631560    0.000000000
    5.673962   -4.156272    0.000000000
    5.673962   -3.700743    0.000000000
    5.673962   -3.260321    0.000000000
    5.673962   -2.831681    0.000000000
    5.673962   -2.412318    0.000000000
    5.673962   -2.000259    0.000000000
    5.673962   -1.593886    0.000000000
    5.673962   -1.191827    0.000000000
    5.673962   -0.792877    0.000000000
    5.673962   -0.395943    0.000000000
    5.673962    0.000000    0.000000000
    5.673962    0.395943    0.000000000
    5.673962    0.792877    0.000000000
    5.673962    1.191827    0.000000000
    5.673962    1.593886    0.000000000
    5.673962    2.000259    0.000000000
    5.673962    2.412318    0.000000000
    5.673962    2.831681    0.000000000
    5.673962    3.260321    0.000000000
    5.673962    3.700743    0.000000000
    5.673962    4.156272    0.000000000
    5.673962    4.631560    0.000000000
    5.673962    5.133596    0.000000000
    5.673962    5.673962    0.000000000
    5.673962    6.275079    0.000000000
    5.673962    6.995680    0.000000000
 
    6.275079   -6.995680    0.000000000
    6.275079   -6.275079    0.000000000
    6.275079   -5.673962    0.000000000
    6.275079   -5.133596    0.000000000
    6.275079   -4.631560    0.000000000
    6.275079   -4.156272    0.000000000
    6.275079   -3.700743    0.000000000
    6.275079   -3.260321    0.000000000
    6.275079   -2.831681    0.000000000
    6.275079   -2.412318    0.000000000
    6.275079   -2.000259    0.000000000
    6.275079   -1.593886    0.000000000
    6.275079   -1.191827    0.000000000
    6.275079   -0.792877    0.000000000
    6.275079   -0.395943    0.000000000
    6.275079    0.000000    0.000000000
    6.275079    0.395943    0.000000000
    6.275079    0.792877    0.000000000
    6.275079    1.191827    0.000000000
    6.275079    1.593886    0.000000000
    6.275079    2.000259    0.000000000
    6.275079    2.412318    0.000000000
    6.275079    2.831681    0.000000000
    6.275079    3.260321    0.000000000
    6.275079    3.700743    0.000000000
    6.275079    4.156272    0.000000000
    6.275079    4.631560    0.000000000
    6.275079    5.133596    0.000000000
    6.275079    5.673962    0.000000000
    6.275079    6.275079    0.000000000
    6.275079    6.995680    0.000000000
 
    6.995680   -6.995680    0.000000000
    6.995680   -6.275079    0.000000000
    6.995680   -5.673962    0.000000000
    6.995680   -5.133596    0.000000000
    6.995680   -4.631560    0.000000000
    6.995680   -4.156272    0.000000000
    6.995680   -3.700743    0.000000000
    6.995680   -3.260321    0.000000000
    6.995680   -2.831681    0.000000000
    6.995680   -2.412318    0.000000000
    6.995680   -2.000259    0.000000000
    6.995680   -1.593886    0.000000000
    6.995680   -1.191827    0.000000000
    6.995680   -0.792877    0.000000000
    6.995680   -0.395943    0.000000000
    6.995680    0.000000    0.000000000
    6.995680    0.395943    0.000000000
    6.995680    0.792877    0.000000000
    6.995680    1.191827    0.000000000
    6.995680    1.593886    0.000000000
    6.995680    2.000259    0.000000000
    6.995680    2.412318    0.000000000
    6.995680    2.831681    0.000000000
    6.995680    3.260321    0.000000000
    6.995680    3.700743    0.000000000
    6.995680    4.156272    0.000000000
    6.995680    4.631560    0.000000000
    6.995680    5.133596    0.000000000
    6.995680    5.673962    0.000000000
    6.995680    6.275079    0.000000000
    6.995680    6.995680    0.000000000
 
